1 0.369531 0.408333 0.217188 0.287500
2 0.172656 0.717708 0.051562 0.064583
0 0.578125 0.382292 0.128125 0.202083
0 0.775781 0.268750 0.126562 0.133333
0 0.729688 0.896875 0.131250 0.206250
0 0.294531 0.813542 0.151562 0.210417
0 0.403906 0.908333 0.126562 0.166667
0 0.614844 0.614583 0.126562 0.175000
0 0.889844 0.178125 0.160938 0.189583
0 0.364844 0.622917 0.232813 0.166667
0 0.956250 0.726042 0.087500 0.214583
0 0.772656 0.797917 0.123438 0.208333
0 0.802344 0.630208 0.148438 0.189583
0 0.917188 0.663542 0.153125 0.185417
0 0.462500 0.811458 0.150000 0.193750
