1 0.198437 0.646875 0.262500 0.364583
0 0.489063 0.704167 0.146875 0.187500
0 0.724219 0.753125 0.148438 0.231250
0 0.845313 0.600000 0.159375 0.212500
0 0.664062 0.344792 0.165625 0.231250
0 0.270313 0.196875 0.175000 0.172917
0 0.233594 0.304167 0.154688 0.154167
0 0.395313 0.865625 0.143750 0.177083
0 0.579688 0.915625 0.134375 0.139583
0 0.787500 0.932292 0.140625 0.131250
0 0.812500 0.258333 0.125000 0.175000
0 0.913281 0.218750 0.120313 0.175000
0 0.949219 0.463542 0.101562 0.227083
0 0.837500 0.439583 0.131250 0.200000
0 0.561719 0.155208 0.139063 0.197917
0 0.372656 0.139583 0.164062 0.195833
0 0.110156 0.214583 0.185938 0.275000
0 0.053906 0.862500 0.104688 0.225000
