1 0.281250 0.826042 0.315625 0.347917
0 0.613281 0.851042 0.160938 0.181250
0 0.771875 0.925000 0.106250 0.145833
0 0.742188 0.702083 0.181250 0.175000
0 0.062500 0.665625 0.109375 0.202083
0 0.786719 0.588542 0.126562 0.214583
0 0.827344 0.301042 0.123438 0.193750
0 0.487500 0.243750 0.156250 0.158333
0 0.332031 0.463542 0.151562 0.181250
0 0.419531 0.481250 0.151562 0.150000
0 0.055469 0.289583 0.107813 0.212500
0 0.555469 0.073958 0.157812 0.143750
0 0.504687 0.826042 0.121875 0.193750
0 0.476562 0.462500 0.103125 0.191667
0 0.164844 0.493750 0.139063 0.216667
