1 0.217188 0.615625 0.331250 0.510417
2 0.634375 0.837500 0.046875 0.050000
2 0.737500 0.896875 0.046875 0.077083
2 0.028906 0.382292 0.039062 0.102083
0 0.795312 0.779167 0.184375 0.204167
0 0.786719 0.317708 0.132812 0.185417
0 0.785156 0.105208 0.129688 0.206250
0 0.915625 0.166667 0.150000 0.187500
0 0.280469 0.918750 0.154688 0.162500
0 0.428906 0.755208 0.114062 0.289583
0 0.567969 0.331250 0.201563 0.229167
0 0.430469 0.320833 0.160938 0.179167
0 0.100000 0.309375 0.187500 0.210417
0 0.360156 0.157292 0.154688 0.222917
0 0.600000 0.796875 0.203125 0.231250
