1 0.532031 0.797917 0.314063 0.395833
2 0.230469 0.667708 0.042188 0.047917
2 0.305469 0.712500 0.048438 0.054167
2 0.039062 0.867708 0.046875 0.056250
2 0.294531 0.169792 0.048438 0.064583
2 0.878906 0.160417 0.051562 0.079167
0 0.735156 0.214583 0.129688 0.233333
0 0.517188 0.351042 0.143750 0.181250
0 0.600000 0.087500 0.153125 0.162500
0 0.718750 0.931250 0.131250 0.137500
0 0.167969 0.941667 0.129688 0.116667
0 0.173437 0.326042 0.150000 0.172917
0 0.118750 0.592708 0.150000 0.177083
0 0.075000 0.239583 0.137500 0.170833
0 0.671094 0.490625 0.142187 0.218750
0 0.786719 0.845833 0.198437 0.200000
0 0.825000 0.542708 0.134375 0.222917
0 0.410938 0.468750 0.165625 0.183333
0 0.335156 0.076042 0.129688 0.147917
0 0.296094 0.748958 0.117188 0.214583
0 0.926562 0.297917 0.143750 0.250000
