1 0.315625 0.472917 0.281250 0.445833
2 0.160938 0.363542 0.050000 0.060417
2 0.944531 0.530208 0.048438 0.064583
2 0.877344 0.158333 0.057813 0.091667
0 0.646875 0.498958 0.143750 0.152083
0 0.627344 0.685417 0.151562 0.141667
0 0.807031 0.604167 0.154688 0.183333
0 0.489844 0.272917 0.185938 0.166667
0 0.382031 0.809375 0.164062 0.164583
0 0.114844 0.732292 0.132812 0.202083
0 0.801562 0.393750 0.143750 0.175000
0 0.422656 0.135417 0.135937 0.208333
0 0.257812 0.121875 0.134375 0.227083
0 0.234375 0.901042 0.175000 0.156250
0 0.531250 0.891667 0.168750 0.145833
0 0.266406 0.751042 0.167187 0.139583
0 0.163281 0.177083 0.176563 0.175000
