1 0.312500 0.568750 0.262500 0.312500
2 0.173437 0.420833 0.046875 0.066667
2 0.128125 0.466667 0.050000 0.066667
2 0.793750 0.811458 0.043750 0.052083
2 0.711719 0.456250 0.054688 0.058333
2 0.545312 0.025000 0.040625 0.045833
0 0.225000 0.852083 0.165625 0.212500
0 0.653125 0.830208 0.162500 0.247917
0 0.875000 0.115625 0.153125 0.227083
0 0.650781 0.192708 0.151562 0.239583
0 0.413281 0.101042 0.142187 0.197917
0 0.117969 0.225000 0.170313 0.183333
0 0.266406 0.350000 0.198437 0.175000
0 0.864062 0.569792 0.187500 0.197917
0 0.914844 0.486458 0.151562 0.164583
0 0.879687 0.419792 0.146875 0.156250
0 0.672656 0.395833 0.176563 0.166667
0 0.463281 0.771875 0.217188 0.281250
0 0.525781 0.311458 0.145313 0.168750
0 0.409375 0.251042 0.137500 0.164583
