1 0.481250 0.595833 0.212500 0.258333
2 0.397656 0.758333 0.051562 0.070833
2 0.592187 0.852083 0.062500 0.079167
2 0.807813 0.213542 0.053125 0.072917
2 0.056250 0.373958 0.037500 0.060417
2 0.625781 0.423958 0.045312 0.056250
0 0.222656 0.789583 0.167187 0.191667
0 0.426563 0.923958 0.175000 0.152083
0 0.861719 0.788542 0.110937 0.172917
0 0.700781 0.552083 0.157812 0.175000
0 0.327344 0.396875 0.135937 0.181250
0 0.060937 0.401042 0.118750 0.156250
0 0.192188 0.145833 0.137500 0.212500
0 0.145313 0.276042 0.134375 0.189583
0 0.566406 0.257292 0.170313 0.189583
0 0.766406 0.096875 0.142187 0.185417
0 0.921094 0.727083 0.132812 0.208333
0 0.889844 0.085417 0.151562 0.166667
0 0.435156 0.285417 0.142187 0.175000
0 0.775000 0.793750 0.146875 0.204167
