1 0.408594 0.255208 0.339062 0.447917
2 0.492969 0.821875 0.057813 0.072917
2 0.254688 0.025000 0.050000 0.045833
0 0.735156 0.856250 0.164062 0.158333
0 0.764844 0.260417 0.142187 0.129167
0 0.734375 0.330208 0.121875 0.152083
0 0.926562 0.192708 0.143750 0.168750
0 0.623437 0.137500 0.125000 0.183333
0 0.756250 0.061458 0.146875 0.118750
0 0.496094 0.930208 0.170313 0.139583
0 0.092969 0.926042 0.167187 0.147917
0 0.222656 0.721875 0.145313 0.139583
0 0.221094 0.601042 0.157812 0.139583
0 0.180469 0.256250 0.145313 0.254167
0 0.107031 0.438542 0.145313 0.152083
0 0.613281 0.389583 0.126562 0.162500
0 0.653125 0.525000 0.165625 0.220833
0 0.464062 0.527083 0.168750 0.158333
0 0.374219 0.587500 0.145313 0.191667
0 0.070312 0.685417 0.134375 0.195833
0 0.372656 0.706250 0.132812 0.137500
0 0.947656 0.398958 0.101562 0.206250
