1 0.681250 0.103125 0.400000 0.202083
0 0.291406 0.823958 0.160938 0.168750
0 0.832812 0.896875 0.143750 0.177083
0 0.908594 0.321875 0.123438 0.206250
0 0.561719 0.741667 0.139063 0.191667
0 0.102344 0.588542 0.145313 0.210417
0 0.689063 0.452083 0.156250 0.158333
0 0.708594 0.312500 0.173437 0.183333
0 0.173437 0.182292 0.168750 0.181250
0 0.246875 0.370833 0.178125 0.183333
2 0.944531 0.632292 0.051562 0.052083
2 0.938281 0.923958 0.051562 0.068750
2 0.487500 0.465625 0.193750 0.272917
2 0.220312 0.661458 0.165625 0.172917
