1 0.364844 0.286458 0.310937 0.381250
0 0.578906 0.307292 0.145313 0.197917
0 0.655469 0.406250 0.129688 0.179167
0 0.889062 0.162500 0.121875 0.229167
0 0.881250 0.535417 0.146875 0.170833
0 0.667188 0.841667 0.153125 0.183333
0 0.578906 0.689583 0.157812 0.187500
0 0.176563 0.925000 0.171875 0.150000
0 0.069531 0.822917 0.135937 0.141667
0 0.055469 0.379167 0.107813 0.233333
0 0.163281 0.553125 0.154688 0.218750
0 0.151562 0.300000 0.156250 0.275000
0 0.293750 0.504167 0.137500 0.162500
0 0.729688 0.084375 0.146875 0.164583
2 0.892188 0.566667 0.062500 0.087500
2 0.964063 0.932292 0.050000 0.064583
2 0.541406 0.580208 0.060937 0.072917
2 0.589844 0.812500 0.051562 0.066667
0 0.432031 0.653125 0.157812 0.214583
0 0.343750 0.935417 0.112500 0.129167
